{
 "cells": [
  {
   "cell_type": "markdown",
   "metadata": {},
   "source": [
    "*This code has been compiled by*\n",
    "\n",
    "*Rohit Lal* <br>\n",
    "*BT17ECE067*<br>\n",
    "*[https://rohitlal.live/](https://rohitlal.live/)*"
   ]
  },
  {
   "cell_type": "markdown",
   "metadata": {},
   "source": [
    "# Import Libraries and initialize the matrix"
   ]
  },
  {
   "cell_type": "code",
   "execution_count": 1,
   "metadata": {},
   "outputs": [],
   "source": [
    "import numpy as np\n",
    "import time\n",
    "\n",
    "a = [[63, 134, 79, 35, 152, 31, 146, 72, 9,81, 105, 26, 79, 35, 152, 31, 146, 72, 9, 81],\n",
    "    [99 ,95 ,61 ,92 ,131, 163, 177, 76 ,10, 1 ,9 ,173, 61, 92, 131, 163, 177, 76 ,10, 1],\n",
    "    [111, 198, 90 ,96 ,26 ,88 ,77 ,138 ,5 ,136 ,185 ,92 ,90 ,96 ,26 ,88 ,77 ,138 ,5 ,136],\n",
    "    [40, 8 ,104, 175, 132, 36, 169, 66, 191 ,64, 7 ,121 ,104, 175 ,132, 36, 169, 66 ,191, 64],\n",
    "    [58, 12, 43, 198 ,190 ,77 ,171 ,61 ,130, 67 ,52 ,165 ,43 ,198 ,190 ,77 ,171, 61 ,130 ,67],\n",
    "    [89, 80 ,82 ,159 ,126, 101, 58 ,136 ,97 ,7, 106, 47, 82, 159, 126, 101, 58, 136, 97, 7],\n",
    "    [160, 81 ,151, 158, 106, 28, 196, 100, 38, 34, 174, 160, 151, 158, 106, 28 ,196 ,100, 38 ,34],\n",
    "    [145, 85, 146, 146, 106, 74 ,27 ,162 ,41 ,42 ,53 ,45 ,146, 146, 106, 74 ,27 ,162, 41, 42],\n",
    "    [149, 167, 50, 93 ,162, 169, 121, 75, 66, 136, 117, 28, 50, 93 ,162, 169, 121, 75, 66, 136],\n",
    "    [164 ,197, 154, 16 ,134 ,175 ,148 ,124 ,157 ,191 ,5 ,151 ,154, 16 ,134 ,175 ,148 ,124 ,157, 191],\n",
    "    [192, 31, 74 ,132 ,141, 65, 138, 20 ,167 ,30 ,90 ,160 ,74, 132, 141, 65, 138, 20 ,167 ,30],\n",
    "    [174, 140, 157, 127, 176, 9 ,91 ,20 ,83 ,103 ,179, 104, 157, 127, 176, 9 ,91 ,20, 83, 103],\n",
    "    [147, 53 ,99, 20, 87, 8 ,113, 136, 65, 40 ,196 ,29 ,99 ,20 ,87 ,8 ,113 ,136 ,65 ,40],\n",
    "    [107, 41 ,8 ,86 ,195 ,43 ,155 ,20 ,160 ,112 ,144 ,97 ,8 ,86 ,195 ,43 ,155 ,20 ,160, 112],\n",
    "    [18 ,107 ,184 ,139 ,107 ,173 ,110 ,45 ,60 ,89 ,183 ,8 ,184 ,139 ,107 ,173 ,110 ,45 ,60 ,89],\n",
    "    [52 ,115 ,124 ,78 ,2, 112, 69 ,76 ,53 ,74 ,190 ,142, 124, 78 ,2 ,112 ,69 ,76 ,53 ,74],\n",
    "    [161 ,54 ,136 ,100 ,193 ,126 ,13 ,120 ,99 ,33 ,13 ,134 ,136 ,100, 193 ,126 ,13 ,120 ,99 ,33],\n",
    "    [179 ,145 ,140, 25 ,82 ,173 ,78 ,122 ,151 ,187 ,183 ,150 ,140, 25 ,82 ,173 ,78 ,122 ,151, 187],\n",
    "    [118, 130 ,175, 171, 52, 144 ,3 ,64 ,172 ,132, 153, 189, 175, 171, 52 ,144, 3 ,64 ,172, 132],\n",
    "    [91 ,82 ,58 ,133, 16, 59 ,53 ,122 ,60 ,174 ,193, 64 ,58 ,133 ,16 ,59 ,53 ,122 ,60 ,174]]\n",
    "\n",
    "b = [[84, 62 ,175, 38, 159 ,123 ,90 ,115, 142 ,163, 80, 82, 62, 175, 38, 159, 123, 90 ,115 ,142],\n",
    "    [58 ,70 ,156, 44, 80, 180, 53, 43, 122, 4 ,21 ,23, 70, 156, 44, 80 ,180 ,53 ,43 ,122],\n",
    "    [173, 0 ,64 ,47 ,155 ,194 ,8 ,32 ,196 ,196 ,96 ,71 ,0 ,64 ,47 ,155, 194 ,8 ,32 ,196],\n",
    "    [147, 167, 49 ,152 ,129 ,167, 25 ,7 ,110 ,106 ,123 ,79 ,167 ,49 ,152 ,129 ,167 ,25 ,7 ,110],\n",
    "    [142, 125, 80, 168 ,152 ,2 ,194 ,100 ,6 ,56 ,50 ,127 ,125 ,80 ,168, 152 ,2 ,194 ,100, 6],\n",
    "    [193, 129, 53, 72 ,103, 92 ,142 ,23 ,102 ,70 ,104, 23, 129, 53 ,72 ,103 ,92 ,142, 23 ,102],\n",
    "    [80, 67, 77, 198, 140, 60 ,161 ,33 ,150 ,15 ,166 ,192 ,67 ,77 ,198 ,140 ,60 ,161 ,33 ,150],\n",
    "    [25, 6, 118, 132, 84, 25, 187, 24, 189, 161 ,167 ,100, 6 ,118 ,132 ,84 ,25 ,187 ,24 ,189],\n",
    "    [177 ,5 ,31 ,133 ,3 ,163 ,143 ,128, 184, 133, 167 ,94 ,5 ,31 ,133 ,3 ,163, 143, 128, 184],\n",
    "    [75 ,130, 67, 152, 162, 74 ,108 ,42 ,97 ,124 ,165, 102, 130, 67 ,152, 162, 74 ,108, 42, 97],\n",
    "    [182, 144, 54 ,145 ,3 ,62 ,51 ,83 ,16 ,79 ,82 ,104 ,144 ,54 ,145, 3 ,62 ,51 ,83 ,16],\n",
    "    [3 ,97 ,19 ,17 ,127 ,36 ,128, 32 ,1 ,96 ,199, 189, 97, 19, 17 ,127 ,36, 128, 32 ,1],\n",
    "    [40 ,154 ,186 ,41 ,79 ,151, 13, 196, 75 ,166 ,160 ,104 ,154, 186, 41 ,79 ,151 ,13 ,196 ,75],\n",
    "    [91 ,130 ,110 ,164 ,141 ,181 ,193 ,58 ,56 ,98 ,145 ,196 ,130 ,110 ,164 ,141 ,181 ,193 ,58 ,56],\n",
    "    [34 ,55 ,180 ,103, 118 ,16 ,27 ,95 ,169, 70, 198, 8 ,55 ,180 ,103 ,118, 16 ,27 ,95 ,169],\n",
    "    [164, 70, 164, 147, 95 ,195 ,9 ,107, 155, 55, 14 ,159 ,70 ,164 ,147 ,95 ,195 ,9 ,107 ,155],\n",
    "    [52, 27 ,98 ,180 ,93 ,32 ,146, 32, 132, 123 ,60 ,166 ,27 ,98, 180 ,93 ,32 ,146, 32 ,132],\n",
    "    [189, 134, 69, 187, 42 ,199, 60 ,26 ,70 ,95 ,186 ,132 ,134 ,69 ,187 ,42 ,199 ,60 ,26 ,70],\n",
    "    [135 ,93 ,94 ,182 ,139 ,46 ,122 ,52 ,74 ,112 ,9 ,188 ,93 ,94 ,182, 139, 46, 122, 52, 74],\n",
    "    [62 ,8 ,13, 146 ,115 ,135 ,29 ,138 ,85 ,133, 104, 118 ,8 ,13 ,146 ,115, 135, 29 ,138 ,85]]\n",
    "\n",
    "a,b = np.array(a), np.array(b)"
   ]
  },
  {
   "cell_type": "markdown",
   "metadata": {},
   "source": [
    "# Question 2.a : Find Transpose of Matrix"
   ]
  },
  {
   "cell_type": "code",
   "execution_count": 2,
   "metadata": {},
   "outputs": [
    {
     "name": "stdout",
     "output_type": "stream",
     "text": [
      "Execution time: 0.001002 sec\n",
      "a_transpose \n",
      " [[ 63  99 111  40  58  89 160 145 149 164 192 174 147 107  18  52 161 179\n",
      "  118  91]\n",
      " [134  95 198   8  12  80  81  85 167 197  31 140  53  41 107 115  54 145\n",
      "  130  82]\n",
      " [ 79  61  90 104  43  82 151 146  50 154  74 157  99   8 184 124 136 140\n",
      "  175  58]\n",
      " [ 35  92  96 175 198 159 158 146  93  16 132 127  20  86 139  78 100  25\n",
      "  171 133]\n",
      " [152 131  26 132 190 126 106 106 162 134 141 176  87 195 107   2 193  82\n",
      "   52  16]\n",
      " [ 31 163  88  36  77 101  28  74 169 175  65   9   8  43 173 112 126 173\n",
      "  144  59]\n",
      " [146 177  77 169 171  58 196  27 121 148 138  91 113 155 110  69  13  78\n",
      "    3  53]\n",
      " [ 72  76 138  66  61 136 100 162  75 124  20  20 136  20  45  76 120 122\n",
      "   64 122]\n",
      " [  9  10   5 191 130  97  38  41  66 157 167  83  65 160  60  53  99 151\n",
      "  172  60]\n",
      " [ 81   1 136  64  67   7  34  42 136 191  30 103  40 112  89  74  33 187\n",
      "  132 174]\n",
      " [105   9 185   7  52 106 174  53 117   5  90 179 196 144 183 190  13 183\n",
      "  153 193]\n",
      " [ 26 173  92 121 165  47 160  45  28 151 160 104  29  97   8 142 134 150\n",
      "  189  64]\n",
      " [ 79  61  90 104  43  82 151 146  50 154  74 157  99   8 184 124 136 140\n",
      "  175  58]\n",
      " [ 35  92  96 175 198 159 158 146  93  16 132 127  20  86 139  78 100  25\n",
      "  171 133]\n",
      " [152 131  26 132 190 126 106 106 162 134 141 176  87 195 107   2 193  82\n",
      "   52  16]\n",
      " [ 31 163  88  36  77 101  28  74 169 175  65   9   8  43 173 112 126 173\n",
      "  144  59]\n",
      " [146 177  77 169 171  58 196  27 121 148 138  91 113 155 110  69  13  78\n",
      "    3  53]\n",
      " [ 72  76 138  66  61 136 100 162  75 124  20  20 136  20  45  76 120 122\n",
      "   64 122]\n",
      " [  9  10   5 191 130  97  38  41  66 157 167  83  65 160  60  53  99 151\n",
      "  172  60]\n",
      " [ 81   1 136  64  67   7  34  42 136 191  30 103  40 112  89  74  33 187\n",
      "  132 174]]\n",
      "b_transpose \n",
      " [[ 84  58 173 147 142 193  80  25 177  75 182   3  40  91  34 164  52 189\n",
      "  135  62]\n",
      " [ 62  70   0 167 125 129  67   6   5 130 144  97 154 130  55  70  27 134\n",
      "   93   8]\n",
      " [175 156  64  49  80  53  77 118  31  67  54  19 186 110 180 164  98  69\n",
      "   94  13]\n",
      " [ 38  44  47 152 168  72 198 132 133 152 145  17  41 164 103 147 180 187\n",
      "  182 146]\n",
      " [159  80 155 129 152 103 140  84   3 162   3 127  79 141 118  95  93  42\n",
      "  139 115]\n",
      " [123 180 194 167   2  92  60  25 163  74  62  36 151 181  16 195  32 199\n",
      "   46 135]\n",
      " [ 90  53   8  25 194 142 161 187 143 108  51 128  13 193  27   9 146  60\n",
      "  122  29]\n",
      " [115  43  32   7 100  23  33  24 128  42  83  32 196  58  95 107  32  26\n",
      "   52 138]\n",
      " [142 122 196 110   6 102 150 189 184  97  16   1  75  56 169 155 132  70\n",
      "   74  85]\n",
      " [163   4 196 106  56  70  15 161 133 124  79  96 166  98  70  55 123  95\n",
      "  112 133]\n",
      " [ 80  21  96 123  50 104 166 167 167 165  82 199 160 145 198  14  60 186\n",
      "    9 104]\n",
      " [ 82  23  71  79 127  23 192 100  94 102 104 189 104 196   8 159 166 132\n",
      "  188 118]\n",
      " [ 62  70   0 167 125 129  67   6   5 130 144  97 154 130  55  70  27 134\n",
      "   93   8]\n",
      " [175 156  64  49  80  53  77 118  31  67  54  19 186 110 180 164  98  69\n",
      "   94  13]\n",
      " [ 38  44  47 152 168  72 198 132 133 152 145  17  41 164 103 147 180 187\n",
      "  182 146]\n",
      " [159  80 155 129 152 103 140  84   3 162   3 127  79 141 118  95  93  42\n",
      "  139 115]\n",
      " [123 180 194 167   2  92  60  25 163  74  62  36 151 181  16 195  32 199\n",
      "   46 135]\n",
      " [ 90  53   8  25 194 142 161 187 143 108  51 128  13 193  27   9 146  60\n",
      "  122  29]\n",
      " [115  43  32   7 100  23  33  24 128  42  83  32 196  58  95 107  32  26\n",
      "   52 138]\n",
      " [142 122 196 110   6 102 150 189 184  97  16   1  75  56 169 155 132  70\n",
      "   74  85]]\n"
     ]
    }
   ],
   "source": [
    "start = time.time()\n",
    "a_transpose = a.T\n",
    "b_transpose = b.T\n",
    "print(f'Execution time: {time.time()-start:.6f} sec')\n",
    "print('a_transpose \\n', a_transpose)\n",
    "print('b_transpose \\n',b_transpose)"
   ]
  },
  {
   "cell_type": "markdown",
   "metadata": {},
   "source": [
    "# Question 2.b : Find Inverse of Matrix\n",
    "Matrix a is singular matrix hence it throws and error"
   ]
  },
  {
   "cell_type": "code",
   "execution_count": 3,
   "metadata": {},
   "outputs": [
    {
     "name": "stdout",
     "output_type": "stream",
     "text": [
      "Execution time: 0.101002 sec\n",
      "[[-5.18134715e-02 -2.07253886e-02  0.00000000e+00  1.55440415e-02\n",
      "   4.04792746e-03 -5.18134715e-03  5.18134715e-03  2.07253886e-02\n",
      "  -1.03626943e-02 -1.03626943e-02 -1.03626943e-02 -1.03626943e-02\n",
      "   1.55440415e-02  0.00000000e+00  4.53367876e-03  4.14507772e-02\n",
      "   1.55440415e-02 -2.07253886e-02 -2.07253886e-02  5.18134715e-03]\n",
      " [ 1.04455133e+14  1.09806481e+14 -7.90769883e+13 -2.51866852e+13\n",
      "  -1.29628558e+12 -8.12628933e+13 -4.83975698e+13 -1.30149080e+14\n",
      "   1.20127766e+14  1.15741166e+14 -9.82276844e+13  7.06862768e+13\n",
      "  -5.07013988e+13 -1.67115373e+14  7.57629919e+12 -7.48069257e+13\n",
      "   5.45966380e+13  1.36812895e+14  1.21147528e+14 -4.59678445e+13]\n",
      " [-4.75017357e+13 -1.17312923e+13  2.81053865e+13 -8.41094777e+12\n",
      "   1.10004650e+13  1.39541220e+13  5.01097479e+12  2.99345365e+13\n",
      "  -2.30765713e+13 -6.19529103e+12  1.24565739e+13 -1.30022057e+13\n",
      "   2.10872777e+13  2.53805777e+13 -5.48898614e+12  1.90584907e+13\n",
      "  -1.19659252e+13 -2.51772027e+13 -2.19470644e+13  3.43351338e+12]\n",
      " [-1.10216796e+13 -7.70656853e+12  2.16842391e+12  2.05079326e+13\n",
      "   2.19724194e+13 -1.04151336e+13 -1.41891767e+13  4.74840511e+13\n",
      "  -1.44161984e+13 -8.63596205e+12  2.09774710e+13  9.98991615e+12\n",
      "  -1.33501264e+13  8.22490170e+12 -7.12984144e+12  3.83642410e+13\n",
      "  -2.61858321e+13 -2.22578861e+13 -3.66202519e+13  6.78902192e+12]\n",
      " [-5.65342748e+13 -3.36062712e+13  1.66781736e+13  1.30880652e+13\n",
      "  -7.03866127e+12  3.73018393e+13 -2.09092692e+13  6.56830086e+13\n",
      "  -4.29961369e+13 -3.95585917e+13  4.60307161e+13 -1.54350121e+12\n",
      "  -5.38010579e+12  7.05836737e+13  1.37979991e+13  5.63395871e+13\n",
      "  -3.05655392e+13 -6.76640085e+13 -4.05639149e+13  3.00197588e+13]\n",
      " [-6.67036076e+13 -3.77503476e+13  3.47296129e+13  2.75880429e+13\n",
      "   1.79505670e+13 -1.15393618e+13 -3.12729656e+13  1.23044564e+14\n",
      "  -4.60255271e+13 -7.84421932e+12  9.64725554e+13  6.29845680e+11\n",
      "  -2.94244584e+13  9.64906345e+13  1.37961592e+12  1.00964302e+14\n",
      "  -9.05645712e+13 -1.13214746e+14 -8.16063908e+13  1.48842437e+13]\n",
      " [-8.05740345e+13 -4.38014786e+13  4.30085295e+13  1.85376322e+13\n",
      "   1.23115901e+13  1.69236656e+13 -2.28141705e+13  9.35543405e+13\n",
      "  -5.20813221e+13 -2.67268949e+13  7.92517707e+13 -7.92605879e+12\n",
      "  -7.60075541e+12  1.00555785e+14  8.45819994e+12  8.33572197e+13\n",
      "  -4.77707862e+13 -1.05038798e+14 -8.25630859e+13  1.79926989e+13]\n",
      " [ 1.27431431e+13  1.39533113e+13 -3.47893788e+12 -3.49890415e+12\n",
      "  -3.37448314e+12 -4.31244974e+12  8.42991041e+12 -1.76108831e+13\n",
      "   7.17467941e+12 -1.17414593e+12 -7.11085522e+12  8.54706303e+11\n",
      "   2.30536052e+12 -1.74070059e+13 -8.29351537e+11 -2.32904604e+13\n",
      "   9.36641203e+12  1.63372699e+13  1.65872358e+13 -8.19770117e+11]\n",
      " [ 1.56882131e+14  1.09807315e+14 -7.42809447e+13 -1.12934292e+14\n",
      "  -7.63726296e+13 -1.66022348e+13  4.36142298e+13 -2.04228751e+14\n",
      "   8.86738721e+13  1.41077666e+14 -9.32989862e+13  9.77525222e+12\n",
      "  -7.00500207e+12 -1.79610294e+14 -1.95580872e+13 -1.60574724e+14\n",
      "   1.00541872e+14  1.85560133e+14  1.55870548e+14 -2.37397464e+13]\n",
      " [ 6.98371979e-03  4.93905856e-03 -1.88976587e-03 -1.08491273e-03\n",
      "   6.56083048e-04 -7.21583041e-03 -4.05381120e-03 -3.09538685e-03\n",
      "   5.39743924e-03  8.35343955e-03 -3.05332113e-03  2.07968367e-03\n",
      "  -1.41915546e-03 -9.36265198e-03 -2.53933436e-03 -5.76398843e-03\n",
      "   1.99148766e-03  7.61358165e-03  6.39829789e-03 -2.96435409e-03]\n",
      " [-1.10085394e-02 -1.03207919e-02  5.68235431e-03  4.37011581e-03\n",
      "   1.40410044e-03  5.52920696e-03 -1.13452176e-03  1.29607506e-02\n",
      "  -8.63562038e-03 -1.21578449e-02  8.06754938e-03 -7.63248151e-04\n",
      "   3.90773453e-04  1.60251873e-02  4.94963080e-03  9.45359103e-03\n",
      "  -6.79874878e-03 -1.11780186e-02 -1.19164918e-02  4.10869544e-03]\n",
      " [-6.75262076e-03 -6.25421000e-03  5.70379880e-03  2.21734351e-03\n",
      "   6.94883927e-04  8.83946473e-04  4.70512300e-03  9.60101045e-03\n",
      "  -6.91073383e-03 -7.70562238e-03  8.02361642e-03 -2.05094730e-04\n",
      "   2.84861582e-03  7.90859337e-03 -2.80612281e-03  7.67444176e-03\n",
      "  -4.73043804e-03 -9.37223549e-03 -7.09055022e-03  8.18043141e-04]\n",
      " [-1.04455133e+14 -1.09806481e+14  7.90769883e+13  2.51866852e+13\n",
      "   1.29628558e+12  8.12628933e+13  4.83975698e+13  1.30149080e+14\n",
      "  -1.20127766e+14 -1.15741166e+14  9.82276844e+13 -7.06862768e+13\n",
      "   5.07013988e+13  1.67115373e+14 -7.57629919e+12  7.48069257e+13\n",
      "  -5.45966380e+13 -1.36812895e+14 -1.21147528e+14  4.59678445e+13]\n",
      " [ 4.75017357e+13  1.17312923e+13 -2.81053865e+13  8.41094777e+12\n",
      "  -1.10004650e+13 -1.39541220e+13 -5.01097479e+12 -2.99345365e+13\n",
      "   2.30765713e+13  6.19529103e+12 -1.24565739e+13  1.30022057e+13\n",
      "  -2.10872777e+13 -2.53805777e+13  5.48898614e+12 -1.90584907e+13\n",
      "   1.19659252e+13  2.51772027e+13  2.19470644e+13 -3.43351338e+12]\n",
      " [ 1.10216796e+13  7.70656853e+12 -2.16842391e+12 -2.05079326e+13\n",
      "  -2.19724194e+13  1.04151336e+13  1.41891767e+13 -4.74840511e+13\n",
      "   1.44161984e+13  8.63596205e+12 -2.09774710e+13 -9.98991615e+12\n",
      "   1.33501264e+13 -8.22490170e+12  7.12984144e+12 -3.83642410e+13\n",
      "   2.61858321e+13  2.22578861e+13  3.66202519e+13 -6.78902192e+12]\n",
      " [ 5.65342748e+13  3.36062712e+13 -1.66781736e+13 -1.30880652e+13\n",
      "   7.03866127e+12 -3.73018393e+13  2.09092692e+13 -6.56830086e+13\n",
      "   4.29961369e+13  3.95585917e+13 -4.60307161e+13  1.54350121e+12\n",
      "   5.38010579e+12 -7.05836737e+13 -1.37979991e+13 -5.63395871e+13\n",
      "   3.05655392e+13  6.76640085e+13  4.05639149e+13 -3.00197588e+13]\n",
      " [ 6.67036076e+13  3.77503476e+13 -3.47296129e+13 -2.75880429e+13\n",
      "  -1.79505670e+13  1.15393618e+13  3.12729656e+13 -1.23044564e+14\n",
      "   4.60255271e+13  7.84421932e+12 -9.64725554e+13 -6.29845680e+11\n",
      "   2.94244584e+13 -9.64906345e+13 -1.37961592e+12 -1.00964302e+14\n",
      "   9.05645712e+13  1.13214746e+14  8.16063908e+13 -1.48842437e+13]\n",
      " [ 8.05740345e+13  4.38014786e+13 -4.30085295e+13 -1.85376322e+13\n",
      "  -1.23115901e+13 -1.69236656e+13  2.28141705e+13 -9.35543405e+13\n",
      "   5.20813221e+13  2.67268949e+13 -7.92517707e+13  7.92605879e+12\n",
      "   7.60075541e+12 -1.00555785e+14 -8.45819994e+12 -8.33572197e+13\n",
      "   4.77707862e+13  1.05038798e+14  8.25630859e+13 -1.79926989e+13]\n",
      " [-1.27431431e+13 -1.39533113e+13  3.47893788e+12  3.49890415e+12\n",
      "   3.37448314e+12  4.31244974e+12 -8.42991041e+12  1.76108831e+13\n",
      "  -7.17467941e+12  1.17414593e+12  7.11085522e+12 -8.54706303e+11\n",
      "  -2.30536052e+12  1.74070059e+13  8.29351537e+11  2.32904604e+13\n",
      "  -9.36641203e+12 -1.63372699e+13 -1.65872358e+13  8.19770117e+11]\n",
      " [-1.56882131e+14 -1.09807315e+14  7.42809447e+13  1.12934292e+14\n",
      "   7.63726296e+13  1.66022348e+13 -4.36142298e+13  2.04228751e+14\n",
      "  -8.86738721e+13 -1.41077666e+14  9.32989862e+13 -9.77525222e+12\n",
      "   7.00500207e+12  1.79610294e+14  1.95580872e+13  1.60574724e+14\n",
      "  -1.00541872e+14 -1.85560133e+14 -1.55870548e+14  2.37397464e+13]]\n"
     ]
    }
   ],
   "source": [
    "# a_inverse = np.linalg.inv(a)\n",
    "start = time.time()\n",
    "\n",
    "b_inverse = np.linalg.inv(b)\n",
    "print(f'Execution time: {time.time()-start:.6f} sec')\n",
    "print(b_inverse)"
   ]
  },
  {
   "cell_type": "markdown",
   "metadata": {},
   "source": [
    "# Question 2.c : Addition of matrix\n",
    "This Follows commutative property "
   ]
  },
  {
   "cell_type": "code",
   "execution_count": 4,
   "metadata": {},
   "outputs": [
    {
     "name": "stdout",
     "output_type": "stream",
     "text": [
      "Execution time: 0.000000 sec\n",
      "[[147 196 254  73 311 154 236 187 151 244 185 108 141 210 190 190 269 162\n",
      "  124 223]\n",
      " [157 165 217 136 211 343 230 119 132   5  30 196 131 248 175 243 357 129\n",
      "   53 123]\n",
      " [284 198 154 143 181 282  85 170 201 332 281 163  90 160  73 243 271 146\n",
      "   37 332]\n",
      " [187 175 153 327 261 203 194  73 301 170 130 200 271 224 284 165 336  91\n",
      "  198 174]\n",
      " [200 137 123 366 342  79 365 161 136 123 102 292 168 278 358 229 173 255\n",
      "  230  73]\n",
      " [282 209 135 231 229 193 200 159 199  77 210  70 211 212 198 204 150 278\n",
      "  120 109]\n",
      " [240 148 228 356 246  88 357 133 188  49 340 352 218 235 304 168 256 261\n",
      "   71 184]\n",
      " [170  91 264 278 190  99 214 186 230 203 220 145 152 264 238 158  52 349\n",
      "   65 231]\n",
      " [326 172  81 226 165 332 264 203 250 269 284 122  55 124 295 172 284 218\n",
      "  194 320]\n",
      " [239 327 221 168 296 249 256 166 254 315 170 253 284  83 286 337 222 232\n",
      "  199 288]\n",
      " [374 175 128 277 144 127 189 103 183 109 172 264 218 186 286  68 200  71\n",
      "  250  46]\n",
      " [177 237 176 144 303  45 219  52  84 199 378 293 254 146 193 136 127 148\n",
      "  115 104]\n",
      " [187 207 285  61 166 159 126 332 140 206 356 133 253 206 128  87 264 149\n",
      "  261 115]\n",
      " [198 171 118 250 336 224 348  78 216 210 289 293 138 196 359 184 336 213\n",
      "  218 168]\n",
      " [ 52 162 364 242 225 189 137 140 229 159 381  16 239 319 210 291 126  72\n",
      "  155 258]\n",
      " [216 185 288 225  97 307  78 183 208 129 204 301 194 242 149 207 264  85\n",
      "  160 229]\n",
      " [213  81 234 280 286 158 159 152 231 156  73 300 163 198 373 219  45 266\n",
      "  131 165]\n",
      " [368 279 209 212 124 372 138 148 221 282 369 282 274  94 269 215 277 182\n",
      "  177 257]\n",
      " [253 223 269 353 191 190 125 116 246 244 162 377 268 265 234 283  49 186\n",
      "  224 206]\n",
      " [153  90  71 279 131 194  82 260 145 307 297 182  66 146 162 174 188 151\n",
      "  198 259]]\n",
      "\n",
      "[[147 196 254  73 311 154 236 187 151 244 185 108 141 210 190 190 269 162\n",
      "  124 223]\n",
      " [157 165 217 136 211 343 230 119 132   5  30 196 131 248 175 243 357 129\n",
      "   53 123]\n",
      " [284 198 154 143 181 282  85 170 201 332 281 163  90 160  73 243 271 146\n",
      "   37 332]\n",
      " [187 175 153 327 261 203 194  73 301 170 130 200 271 224 284 165 336  91\n",
      "  198 174]\n",
      " [200 137 123 366 342  79 365 161 136 123 102 292 168 278 358 229 173 255\n",
      "  230  73]\n",
      " [282 209 135 231 229 193 200 159 199  77 210  70 211 212 198 204 150 278\n",
      "  120 109]\n",
      " [240 148 228 356 246  88 357 133 188  49 340 352 218 235 304 168 256 261\n",
      "   71 184]\n",
      " [170  91 264 278 190  99 214 186 230 203 220 145 152 264 238 158  52 349\n",
      "   65 231]\n",
      " [326 172  81 226 165 332 264 203 250 269 284 122  55 124 295 172 284 218\n",
      "  194 320]\n",
      " [239 327 221 168 296 249 256 166 254 315 170 253 284  83 286 337 222 232\n",
      "  199 288]\n",
      " [374 175 128 277 144 127 189 103 183 109 172 264 218 186 286  68 200  71\n",
      "  250  46]\n",
      " [177 237 176 144 303  45 219  52  84 199 378 293 254 146 193 136 127 148\n",
      "  115 104]\n",
      " [187 207 285  61 166 159 126 332 140 206 356 133 253 206 128  87 264 149\n",
      "  261 115]\n",
      " [198 171 118 250 336 224 348  78 216 210 289 293 138 196 359 184 336 213\n",
      "  218 168]\n",
      " [ 52 162 364 242 225 189 137 140 229 159 381  16 239 319 210 291 126  72\n",
      "  155 258]\n",
      " [216 185 288 225  97 307  78 183 208 129 204 301 194 242 149 207 264  85\n",
      "  160 229]\n",
      " [213  81 234 280 286 158 159 152 231 156  73 300 163 198 373 219  45 266\n",
      "  131 165]\n",
      " [368 279 209 212 124 372 138 148 221 282 369 282 274  94 269 215 277 182\n",
      "  177 257]\n",
      " [253 223 269 353 191 190 125 116 246 244 162 377 268 265 234 283  49 186\n",
      "  224 206]\n",
      " [153  90  71 279 131 194  82 260 145 307 297 182  66 146 162 174 188 151\n",
      "  198 259]]\n"
     ]
    }
   ],
   "source": [
    "start = time.time()\n",
    "add_1 = a + b\n",
    "add_2 = b + a \n",
    "print(f'Execution time: {time.time()-start:.6f} sec')\n",
    "\n",
    "print(add_1)\n",
    "print()\n",
    "print(add_2)"
   ]
  },
  {
   "cell_type": "markdown",
   "metadata": {},
   "source": [
    "# Question 2.d :Subtraction\n",
    "Doesnt follow commutative property"
   ]
  },
  {
   "cell_type": "code",
   "execution_count": 5,
   "metadata": {},
   "outputs": [
    {
     "name": "stdout",
     "output_type": "stream",
     "text": [
      "Execution time: 0.000000 sec\n",
      "[[ -21   72  -96   -3   -7  -92   56  -43 -133  -82   25  -56   17 -140\n",
      "   114 -128   23  -18 -106  -61]\n",
      " [  41   25  -95   48   51  -17  124   33 -112   -3  -12  150   -9  -64\n",
      "    87   83   -3   23  -33 -121]\n",
      " [ -62  198   26   49 -129 -106   69  106 -191  -60   89   21   90   32\n",
      "   -21  -67 -117  130  -27  -60]\n",
      " [-107 -159   55   23    3 -131  144   59   81  -42 -116   42  -63  126\n",
      "   -20  -93    2   41  184  -46]\n",
      " [ -84 -113  -37   30   38   75  -23  -39  124   11    2   38  -82  118\n",
      "    22  -75  169 -133   30   61]\n",
      " [-104  -49   29   87   23    9  -84  113   -5  -63    2   24  -47  106\n",
      "    54   -2  -34   -6   74  -95]\n",
      " [  80   14   74  -40  -34  -32   35   67 -112   19    8  -32   84   81\n",
      "   -92 -112  136  -61    5 -116]\n",
      " [ 120   79   28   14   22   49 -160  138 -148 -119 -114  -55  140   28\n",
      "   -26  -10    2  -25   17 -147]\n",
      " [ -28  162   19  -40  159    6  -22  -53 -118    3  -50  -66   45   62\n",
      "    29  166  -42  -68  -62  -48]\n",
      " [  89   67   87 -136  -28  101   40   82   60   67 -160   49   24  -51\n",
      "   -18   13   74   16  115   94]\n",
      " [  10 -113   20  -13  138    3   87  -63  151  -49    8   56  -70   78\n",
      "    -4   62   76  -31   84   14]\n",
      " [ 171   43  138  110   49  -27  -37  -12   82    7  -20  -85   60  108\n",
      "   159 -118   55 -108   51  102]\n",
      " [ 107 -101  -87  -21    8 -143  100  -60  -10 -126   36  -75  -55 -166\n",
      "    46  -71  -38  123 -131  -35]\n",
      " [  16  -89 -102  -78   54 -138  -38  -38  104   14   -1  -99 -122  -24\n",
      "    31  -98  -26 -173  102   56]\n",
      " [ -16   52    4   36  -11  157   83  -50 -109   19  -15    0  129  -41\n",
      "     4   55   94   18  -35  -80]\n",
      " [-112   45  -40  -69  -93  -83   60  -31 -102   19  176  -17   54  -86\n",
      "  -145   17 -126   67  -54  -81]\n",
      " [ 109   27   38  -80  100   94 -133   88  -33  -90  -47  -32  109    2\n",
      "    13   33  -19  -26   67  -99]\n",
      " [ -10   11   71 -162   40  -26   18   96   81   92   -3   18    6  -44\n",
      "  -105  131 -121   62  125  117]\n",
      " [ -17   37   81  -11  -87   98 -119   12   98   20  144    1   82   77\n",
      "  -130    5  -43  -58  120   58]\n",
      " [  29   74   45  -13  -99  -76   24  -16  -25   41   89  -54   50  120\n",
      "  -130  -56  -82   93  -78   89]] \n",
      " \n",
      " [[  21  -72   96    3    7   92  -56   43  133   82  -25   56  -17  140\n",
      "  -114  128  -23   18  106   61]\n",
      " [ -41  -25   95  -48  -51   17 -124  -33  112    3   12 -150    9   64\n",
      "   -87  -83    3  -23   33  121]\n",
      " [  62 -198  -26  -49  129  106  -69 -106  191   60  -89  -21  -90  -32\n",
      "    21   67  117 -130   27   60]\n",
      " [ 107  159  -55  -23   -3  131 -144  -59  -81   42  116  -42   63 -126\n",
      "    20   93   -2  -41 -184   46]\n",
      " [  84  113   37  -30  -38  -75   23   39 -124  -11   -2  -38   82 -118\n",
      "   -22   75 -169  133  -30  -61]\n",
      " [ 104   49  -29  -87  -23   -9   84 -113    5   63   -2  -24   47 -106\n",
      "   -54    2   34    6  -74   95]\n",
      " [ -80  -14  -74   40   34   32  -35  -67  112  -19   -8   32  -84  -81\n",
      "    92  112 -136   61   -5  116]\n",
      " [-120  -79  -28  -14  -22  -49  160 -138  148  119  114   55 -140  -28\n",
      "    26   10   -2   25  -17  147]\n",
      " [  28 -162  -19   40 -159   -6   22   53  118   -3   50   66  -45  -62\n",
      "   -29 -166   42   68   62   48]\n",
      " [ -89  -67  -87  136   28 -101  -40  -82  -60  -67  160  -49  -24   51\n",
      "    18  -13  -74  -16 -115  -94]\n",
      " [ -10  113  -20   13 -138   -3  -87   63 -151   49   -8  -56   70  -78\n",
      "     4  -62  -76   31  -84  -14]\n",
      " [-171  -43 -138 -110  -49   27   37   12  -82   -7   20   85  -60 -108\n",
      "  -159  118  -55  108  -51 -102]\n",
      " [-107  101   87   21   -8  143 -100   60   10  126  -36   75   55  166\n",
      "   -46   71   38 -123  131   35]\n",
      " [ -16   89  102   78  -54  138   38   38 -104  -14    1   99  122   24\n",
      "   -31   98   26  173 -102  -56]\n",
      " [  16  -52   -4  -36   11 -157  -83   50  109  -19   15    0 -129   41\n",
      "    -4  -55  -94  -18   35   80]\n",
      " [ 112  -45   40   69   93   83  -60   31  102  -19 -176   17  -54   86\n",
      "   145  -17  126  -67   54   81]\n",
      " [-109  -27  -38   80 -100  -94  133  -88   33   90   47   32 -109   -2\n",
      "   -13  -33   19   26  -67   99]\n",
      " [  10  -11  -71  162  -40   26  -18  -96  -81  -92    3  -18   -6   44\n",
      "   105 -131  121  -62 -125 -117]\n",
      " [  17  -37  -81   11   87  -98  119  -12  -98  -20 -144   -1  -82  -77\n",
      "   130   -5   43   58 -120  -58]\n",
      " [ -29  -74  -45   13   99   76  -24   16   25  -41  -89   54  -50 -120\n",
      "   130   56   82  -93   78  -89]]\n"
     ]
    }
   ],
   "source": [
    "start = time.time()\n",
    "\n",
    "sub_1 = a - b\n",
    "sub_2 = b - a \n",
    "print(f'Execution time: {time.time()-start:.6f} sec')\n",
    "\n",
    "print(sub_1,'\\n \\n',sub_2)"
   ]
  },
  {
   "cell_type": "markdown",
   "metadata": {},
   "source": [
    "# Question 2.e : Matrix Multiplication\n",
    "Doesnt follow commutative property"
   ]
  },
  {
   "cell_type": "code",
   "execution_count": 6,
   "metadata": {},
   "outputs": [
    {
     "name": "stdout",
     "output_type": "stream",
     "text": [
      "Execution time: 0.001001 sec\n",
      "[[143813 122882 156274 195079 166273 138753 145105 105801 165670 141963\n",
      "  174381 163024 122882 156274 195079 166273 138753 145105 105801 165670]\n",
      " [175004 151996 181744 212424 204611 173870 187347 105661 194944 158156\n",
      "  205933 211300 151996 181744 212424 204611 173870 187347 105661 194944]\n",
      " [192652 166686 176457 221124 190863 221722 161229 120133 193960 190903\n",
      "  215696 202872 166686 176457 221124 190863 221722 161229 120133 193960]\n",
      " [210139 167376 177794 277225 229285 204265 222379 135089 222153 216662\n",
      "  250853 261514 167376 177794 277225 229285 204265 222379 135089 222153]\n",
      " [218104 189480 189248 292795 245909 198285 238505 136141 218012 207256\n",
      "  263351 270034 189480 189248 292795 245909 198285 238505 136141 218012]\n",
      " [213073 168535 183397 234745 189337 206024 181215 119998 198644 186718\n",
      "  213686 203722 168535 183397 234745 189337 206024 181215 119998 198644]\n",
      " [212491 191838 210050 263758 238002 223311 212916 141153 225605 229956\n",
      "  266631 264164 191838 210050 263758 238002 223311 212916 141153 225605]\n",
      " [194589 161621 189188 208931 196744 218484 160434 124032 201017 203761\n",
      "  220012 189392 161621 189188 208931 196744 218484 160434 124032 201017]\n",
      " [236455 185714 219387 276133 239657 227832 206251 153903 239530 202515\n",
      "  230456 229722 185714 219387 276133 239657 227832 206251 153903 239530]\n",
      " [270457 199754 260423 313312 297523 286837 251381 196070 309488 279902\n",
      "  301541 296374 199754 260423 313312 297523 286837 251381 196070 309488]\n",
      " [208695 167747 187754 245189 224192 191544 210970 142830 208634 206286\n",
      "  227899 243910 167747 187754 245189 224192 191544 210970 142830 208634]\n",
      " [209781 185522 209368 241727 236981 217282 185742 164151 212500 223574\n",
      "  241113 226842 185522 209368 241727 236981 217282 185742 164151 212500]\n",
      " [164976 123851 153946 195685 149299 148599 147609 111302 169075 170936\n",
      "  183686 174300 123851 153946 195685 149299 148599 147609 111302 169075]\n",
      " [199712 158586 170270 267287 211679 157088 210336 140188 194771 183172\n",
      "  219440 232117 158586 170270 267287 211679 157088 210336 140188 194771]\n",
      " [248978 193842 205623 260420 221190 247878 174562 152678 229023 212931\n",
      "  226837 227157 193842 205623 260420 221190 247878 174562 152678 229023]\n",
      " [183402 149850 147056 186703 162541 196007 139741 110676 166566 173611\n",
      "  188429 190871 149850 147056 186703 162541 196007 139741 110676 166566]\n",
      " [213947 171368 206999 220335 224206 212173 185889 148332 215699 215300\n",
      "  237693 209081 171368 206999 220335 224206 212173 185889 148332 215699]\n",
      " [278300 205338 234812 294289 262351 278136 224677 190844 273673 273401\n",
      "  283084 279276 205338 234812 294289 262351 278136 224677 190844 273673]\n",
      " [270238 216848 213043 265732 253047 294499 204087 175897 242994 265633\n",
      "  271893 268643 216848 213043 265732 253047 294499 204087 175897 242994]\n",
      " [191267 160390 146474 230232 179659 204848 159371 116382 175529 192035\n",
      "  211396 203617 160390 146474 230232 179659 204848 159371 116382 175529]]\n",
      "\n",
      "[[260333 229796 220354 238006 251726 212044 223783 201727 202178 211798\n",
      "  261973 237576 220354 238006 251726 212044 223783 201727 202178 211798]\n",
      " [178480 151016 144525 177437 187867 149495 151839 152482 133068 132246\n",
      "  192530 152020 144525 177437 187867 149495 151839 152482 133068 132246]\n",
      " [214225 198584 183855 206216 237063 191354 190166 173948 176024 182416\n",
      "  201284 185696 183855 206216 237063 191354 190166 173948 176024 182416]\n",
      " [217243 182666 204091 218971 254785 192478 232536 177013 180240 151947\n",
      "  215970 199665 204091 218971 254785 192478 232536 177013 180240 151947]\n",
      " [218488 192740 234727 220935 226734 176906 242981 166682 180634 171094\n",
      "  255028 226516 234727 220935 226734 176906 242981 166682 180634 171094]\n",
      " [208070 173979 180882 179811 212081 166413 213375 163309 149966 149148\n",
      "  214580 187042 180882 179811 212081 166413 213375 163309 149966 149148]\n",
      " [247190 203441 236452 261030 258515 194384 255880 170418 207899 196201\n",
      "  286266 229774 236452 261030 258515 194384 255880 170418 207899 196201]\n",
      " [242854 207015 207378 215993 222148 192239 232347 163751 199284 214729\n",
      "  255088 213910 207378 215993 222148 192239 232347 163751 199284 214729]\n",
      " [264466 219577 242331 241643 256978 209343 210206 194238 207010 200532\n",
      "  242182 206841 242331 241643 256978 209343 210206 194238 207010 200532]\n",
      " [237149 194687 222959 232703 247624 198839 248870 174849 200851 177465\n",
      "  244464 231573 222959 232703 247624 198839 248870 174849 200851 177465]\n",
      " [172656 149990 176261 159298 192001 134370 178157 131290 134507 118060\n",
      "  168706 147443 176261 159298 192001 134370 178157 131290 134507 118060]\n",
      " [191035 129805 158383 149742 169217 119265 165830 107793 140127 108819\n",
      "  169518 184213 158383 149742 169217 119265 165830 107793 140127 108819]\n",
      " [279765 223563 232478 244732 263764 212544 213376 206767 212013 186579\n",
      "  243954 242451 232478 244732 263764 212544 213376 206767 212013 186579]\n",
      " [304102 240018 286429 287017 313978 234017 285669 221307 242918 205555\n",
      "  306049 283556 286429 287017 313978 234017 285669 221307 242918 205555]\n",
      " [203452 174347 165276 210686 198189 171361 198933 147800 176066 177707\n",
      "  225296 187653 165276 210686 198189 171361 198933 147800 176066 177707]\n",
      " [238796 223795 229114 259828 275526 203922 217137 198807 194480 196471\n",
      "  262952 201992 229114 259828 275526 203922 217137 198807 194480 196471]\n",
      " [210118 193260 208837 210820 216690 174865 218492 151285 181285 192701\n",
      "  239114 193220 208837 210820 216690 174865 218492 151285 181285 192701]\n",
      " [243367 194695 229869 233910 279463 193597 239984 181499 199394 157213\n",
      "  228710 207016 229869 233910 279463 193597 239984 181499 199394 157213]\n",
      " [214823 204908 228030 222065 240117 181760 238682 166551 181984 187321\n",
      "  250086 209239 228030 222065 240117 181760 238682 166551 181984 187321]\n",
      " [192413 165418 206756 217086 209720 174277 163957 150038 181082 149975\n",
      "  180340 182356 206756 217086 209720 174277 163957 150038 181082 149975]]\n"
     ]
    }
   ],
   "source": [
    "start = time.time()\n",
    "\n",
    "mul_1 = np.matmul(a, b)\n",
    "mul_2 = np.matmul(b, a) \n",
    "print(f'Execution time: {time.time()-start:.6f} sec')\n",
    "\n",
    "print(mul_1)\n",
    "print()\n",
    "print(mul_2)"
   ]
  },
  {
   "cell_type": "markdown",
   "metadata": {},
   "source": [
    "# Question 2.f : Multiply with a scalar to both matrices A and B."
   ]
  },
  {
   "cell_type": "markdown",
   "metadata": {},
   "source": [
    "## Question 2.f : Multiply with $C>1$"
   ]
  },
  {
   "cell_type": "code",
   "execution_count": 7,
   "metadata": {},
   "outputs": [
    {
     "name": "stdout",
     "output_type": "stream",
     "text": [
      "Execution time: 0.001002 sec\n",
      "[[126 268 158  70 304  62 292 144  18 162 210  52 158  70 304  62 292 144\n",
      "   18 162]\n",
      " [198 190 122 184 262 326 354 152  20   2  18 346 122 184 262 326 354 152\n",
      "   20   2]\n",
      " [222 396 180 192  52 176 154 276  10 272 370 184 180 192  52 176 154 276\n",
      "   10 272]\n",
      " [ 80  16 208 350 264  72 338 132 382 128  14 242 208 350 264  72 338 132\n",
      "  382 128]\n",
      " [116  24  86 396 380 154 342 122 260 134 104 330  86 396 380 154 342 122\n",
      "  260 134]\n",
      " [178 160 164 318 252 202 116 272 194  14 212  94 164 318 252 202 116 272\n",
      "  194  14]\n",
      " [320 162 302 316 212  56 392 200  76  68 348 320 302 316 212  56 392 200\n",
      "   76  68]\n",
      " [290 170 292 292 212 148  54 324  82  84 106  90 292 292 212 148  54 324\n",
      "   82  84]\n",
      " [298 334 100 186 324 338 242 150 132 272 234  56 100 186 324 338 242 150\n",
      "  132 272]\n",
      " [328 394 308  32 268 350 296 248 314 382  10 302 308  32 268 350 296 248\n",
      "  314 382]\n",
      " [384  62 148 264 282 130 276  40 334  60 180 320 148 264 282 130 276  40\n",
      "  334  60]\n",
      " [348 280 314 254 352  18 182  40 166 206 358 208 314 254 352  18 182  40\n",
      "  166 206]\n",
      " [294 106 198  40 174  16 226 272 130  80 392  58 198  40 174  16 226 272\n",
      "  130  80]\n",
      " [214  82  16 172 390  86 310  40 320 224 288 194  16 172 390  86 310  40\n",
      "  320 224]\n",
      " [ 36 214 368 278 214 346 220  90 120 178 366  16 368 278 214 346 220  90\n",
      "  120 178]\n",
      " [104 230 248 156   4 224 138 152 106 148 380 284 248 156   4 224 138 152\n",
      "  106 148]\n",
      " [322 108 272 200 386 252  26 240 198  66  26 268 272 200 386 252  26 240\n",
      "  198  66]\n",
      " [358 290 280  50 164 346 156 244 302 374 366 300 280  50 164 346 156 244\n",
      "  302 374]\n",
      " [236 260 350 342 104 288   6 128 344 264 306 378 350 342 104 288   6 128\n",
      "  344 264]\n",
      " [182 164 116 266  32 118 106 244 120 348 386 128 116 266  32 118 106 244\n",
      "  120 348]]\n",
      "\n",
      "[[168 124 350  76 318 246 180 230 284 326 160 164 124 350  76 318 246 180\n",
      "  230 284]\n",
      " [116 140 312  88 160 360 106  86 244   8  42  46 140 312  88 160 360 106\n",
      "   86 244]\n",
      " [346   0 128  94 310 388  16  64 392 392 192 142   0 128  94 310 388  16\n",
      "   64 392]\n",
      " [294 334  98 304 258 334  50  14 220 212 246 158 334  98 304 258 334  50\n",
      "   14 220]\n",
      " [284 250 160 336 304   4 388 200  12 112 100 254 250 160 336 304   4 388\n",
      "  200  12]\n",
      " [386 258 106 144 206 184 284  46 204 140 208  46 258 106 144 206 184 284\n",
      "   46 204]\n",
      " [160 134 154 396 280 120 322  66 300  30 332 384 134 154 396 280 120 322\n",
      "   66 300]\n",
      " [ 50  12 236 264 168  50 374  48 378 322 334 200  12 236 264 168  50 374\n",
      "   48 378]\n",
      " [354  10  62 266   6 326 286 256 368 266 334 188  10  62 266   6 326 286\n",
      "  256 368]\n",
      " [150 260 134 304 324 148 216  84 194 248 330 204 260 134 304 324 148 216\n",
      "   84 194]\n",
      " [364 288 108 290   6 124 102 166  32 158 164 208 288 108 290   6 124 102\n",
      "  166  32]\n",
      " [  6 194  38  34 254  72 256  64   2 192 398 378 194  38  34 254  72 256\n",
      "   64   2]\n",
      " [ 80 308 372  82 158 302  26 392 150 332 320 208 308 372  82 158 302  26\n",
